tipo=cpu
num_entradas=3
pesos=4.397155,0.30156875,-0.5469286
bias=-0.28395703
